# Automated Analysis Report

## Dataset Overview
- **Number of rows**: 2363
- **Number of columns**: 11

## Column Summary
| Column Name | Data Type | Missing Values | Unique Values | Sample Values |
|-------------|-----------|----------------|---------------|---------------|
| Country name | object | 0 | 165 | ['Mongolia', 'Nepal', 'Italy'] |
| year | int64 | 0 | 19 | [2015, 2022, 2009] |
| Life Ladder | float64 | 0 | 1814 | [5.491, 6.549, 4.573] |
| Log GDP per capita | float64 | 28 | 1760 | [10.692, 9.801, 10.512] |
| Social support | float64 | 13 | 484 | [0.875, 0.759, 0.831] |
| Healthy life expectancy at birth | float64 | 63 | 1126 | [64.56, 58.2, 60.84] |
| Freedom to make life choices | float64 | 36 | 550 | [0.827, 0.798, 0.932] |
| Generosity | float64 | 81 | 650 | [0.052, -0.217, 0.068] |
| Perceptions of corruption | float64 | 125 | 613 | [0.265, 0.83, 0.89] |
| Positive affect | float64 | 24 | 442 | [0.639, 0.619, 0.689] |
| Negative affect | float64 | 16 | 394 | [0.231, 0.226, 0.371] |

## Summary Statistics
|                                  |   count |   unique | top       |   freq |           mean |         std |      min |       25% |       50% |        75% |      max |
|:---------------------------------|--------:|---------:|:----------|-------:|---------------:|------------:|---------:|----------:|----------:|-----------:|---------:|
| Country name                     |    2363 |      165 | Argentina |     18 |  nan           | nan         |  nan     |  nan      |  nan      |  nan       |  nan     |
| year                             |    2363 |      nan | nan       |    nan | 2014.76        |   5.05944   | 2005     | 2011      | 2015      | 2019       | 2023     |
| Life Ladder                      |    2363 |      nan | nan       |    nan |    5.48357     |   1.12552   |    1.281 |    4.647  |    5.449  |    6.3235  |    8.019 |
| Log GDP per capita               |    2335 |      nan | nan       |    nan |    9.39967     |   1.15207   |    5.527 |    8.5065 |    9.503  |   10.3925  |   11.676 |
| Social support                   |    2350 |      nan | nan       |    nan |    0.809369    |   0.121212  |    0.228 |    0.744  |    0.8345 |    0.904   |    0.987 |
| Healthy life expectancy at birth |    2300 |      nan | nan       |    nan |   63.4018      |   6.84264   |    6.72  |   59.195  |   65.1    |   68.5525  |   74.6   |
| Freedom to make life choices     |    2327 |      nan | nan       |    nan |    0.750282    |   0.139357  |    0.228 |    0.661  |    0.771  |    0.862   |    0.985 |
| Generosity                       |    2282 |      nan | nan       |    nan |    9.77213e-05 |   0.161388  |   -0.34  |   -0.112  |   -0.022  |    0.09375 |    0.7   |
| Perceptions of corruption        |    2238 |      nan | nan       |    nan |    0.743971    |   0.184865  |    0.035 |    0.687  |    0.7985 |    0.86775 |    0.983 |
| Positive affect                  |    2339 |      nan | nan       |    nan |    0.651882    |   0.10624   |    0.179 |    0.572  |    0.663  |    0.737   |    0.884 |
| Negative affect                  |    2347 |      nan | nan       |    nan |    0.273151    |   0.0871311 |    0.083 |    0.209  |    0.262  |    0.326   |    0.705 |

## Correlation Matrix
|                                  |       year |   Life Ladder |   Log GDP per capita |   Social support |   Healthy life expectancy at birth |   Freedom to make life choices |   Generosity |   Perceptions of corruption |   Positive affect |   Negative affect |
|:---------------------------------|-----------:|--------------:|---------------------:|-----------------:|-----------------------------------:|-------------------------------:|-------------:|----------------------------:|------------------:|------------------:|
| year                             |  1         |     0.0468461 |          0.0801038   |       -0.0430737 |                          0.168026  |                       0.232974 |  0.0308644   |                  -0.0821355 |         0.0130525 |         0.207642  |
| Life Ladder                      |  0.0468461 |     1         |          0.783556    |        0.722738  |                          0.714927  |                       0.53821  |  0.177398    |                  -0.430485  |         0.515283  |        -0.352412  |
| Log GDP per capita               |  0.0801038 |     0.783556  |          1           |        0.685329  |                          0.819326  |                       0.364816 | -0.000765985 |                  -0.353893  |         0.230868  |        -0.260689  |
| Social support                   | -0.0430737 |     0.722738  |          0.685329    |        1         |                          0.597787  |                       0.404131 |  0.0652399   |                  -0.22141   |         0.424524  |        -0.454878  |
| Healthy life expectancy at birth |  0.168026  |     0.714927  |          0.819326    |        0.597787  |                          1         |                       0.375745 |  0.0151682   |                  -0.30313   |         0.217982  |        -0.15033   |
| Freedom to make life choices     |  0.232974  |     0.53821   |          0.364816    |        0.404131  |                          0.375745  |                       1        |  0.321396    |                  -0.466023  |         0.578398  |        -0.278959  |
| Generosity                       |  0.0308644 |     0.177398  |         -0.000765985 |        0.0652399 |                          0.0151682 |                       0.321396 |  1           |                  -0.270004  |         0.300608  |        -0.0719746 |
| Perceptions of corruption        | -0.0821355 |    -0.430485  |         -0.353893    |       -0.22141   |                         -0.30313   |                      -0.466023 | -0.270004    |                   1         |        -0.274208  |         0.265555  |
| Positive affect                  |  0.0130525 |     0.515283  |          0.230868    |        0.424524  |                          0.217982  |                       0.578398 |  0.300608    |                  -0.274208  |         1         |        -0.334451  |
| Negative affect                  |  0.207642  |    -0.352412  |         -0.260689    |       -0.454878  |                         -0.15033   |                      -0.278959 | -0.0719746   |                   0.265555  |        -0.334451  |         1         |

## Outlier Detection
| Column Name | Outlier Count |
|-------------|---------------|
| year | 0 |
| Life Ladder | 2 |
| Log GDP per capita | 1 |
| Social support | 48 |
| Healthy life expectancy at birth | 20 |
| Freedom to make life choices | 16 |
| Generosity | 39 |
| Perceptions of corruption | 194 |
| Positive affect | 9 |
| Negative affect | 31 |

## Insights from LLM
Based on the provided dataset summary, there are various avenues for analysis and insights. Here are several suggestions:

### 1. Missing Data Analysis
- **Explore Patterns in Missing Data**: Investigate the patterns of missing data in columns such as "Log GDP per capita," "Social support," "Healthy life expectancy at birth," "Freedom to make life choices," "Generosity," "Perceptions of corruption," "Positive affect," and "Negative affect." Understanding where data is missing can help inform imputation or alternative analysis strategies.

### 2. Correlation Analysis
- **Investigate Strong Correlations**: The correlation matrix shows strong correlations between the "Life Ladder" and several factors including "Log GDP per capita" (0.78), "Social support" (0.72), and "Healthy life expectancy at birth" (0.71). Conduct a deeper analysis on these relationships to see if they hold over time and across countries.
- **Explore Negative Relationships**: Assess the negative correlation between "Perceptions of corruption" and "Life Ladder" (-0.43) to explore how perceptions of corruption might impact well-being.

### 3. Trend Analysis
- **Temporal Trends**: Analyze how the various metrics (Life Ladder, Log GDP per capita, etc.) have trended over the years. Are there noticeable increases or decreases in certain countries? Are there global trends observable in this period?
  
### 4. Country-Level Insights
- **Country Comparisons**: Examine countries with the highest and lowest "Life Ladder" scores and correlate them with other variables. Understanding factors contributing to high or low life satisfaction can be informative.
- **Top Countries by Specific Metrics**: Identify and report countries that excel in certain areas, such as highest "Freedom to make life choices" or "Social support."

### 5. Clustering Analysis
- **Cluster Countries**: Perform a clustering analysis using K-Means or hierarchical clustering on the numerical variables to identify distinct groups of countries with similar profiles. This can help visualize geographic or economic segments in the dataset.

### 6. Regression Analysis
- **Predictive Modeling**: Conduct regression analyses to determine which factors most predict "Life Ladder" scores. This could yield useful insights into how different elements combine to influence life satisfaction.
- **Comparative Regression**: Compare models using different years to assess how the relationships between these variables might change over time.

### 7. Factor Analysis
- **Identify Underlying Constructs**: Use factor analysis to see if the various metrics (e.g., "Social support," "Positive affect," "Freedom to make life choices") can be grouped into underlying factors that explain variance in "Life Ladder."

### 8. Visualization
- **Create Interactive Dashboards**: Visualize trends and correlations using dashboard tools, which can provide stakeholders with interactive capabilities to explore the data.
- **Geospatial Mapping**: Map key variables to highlight geographical patterns in life satisfaction or other metrics.

### 9. Policy Implications
- **Recommendations for Improvement**: Based on findings, suggest actionable insights for policymakers, focusing on areas that could enhance life satisfaction in countries, such as improving healthcare or education that influences "Healthy life expectancy at birth."

### 10. Socioeconomic Insights
- **Impact of GDP on Well-Being**: Analyze the relationship between "Log GDP per capita" and the well-being variables. Identify potential thresholds or nonlinear effects where GDP might have diminishing returns on life satisfaction.

By conducting these analyses, you can derive meaningful insights that capture the nuances of well-being, socio-economic development, and quality of life across different nations.

## Visualizations
![Correlation Matrix](correlation_matrix.png)
![Histograms](histograms.png)
